50 Tasks : [3002, 7983, 2428, 8180, 3720, 1147, 4776, 6522, 8499, 3893, 7706, 9349, 4101, 9498, 4933, 8519, 8793, 696, 2248, 9690, 2887, 5806, 6580, 4185, 2108, 5648, 6784, 4859, 7901, 9170, 3258, 6758, 299, 5455, 8464, 6280, 6727, 7301, 9692, 5779, 6451, 8741, 7394, 710, 545, 367, 1978, 7168, 8968, 2906]


100 Tasks : [4103, 5392, 6758, 7683, 9836, 6829, 6693, 5941, 9311, 3042, 5532, 3528, 3593, 6631, 4512, 5609, 3410, 6636, 1406, 353, 1424, 6151, 3376, 8947, 6307, 3590, 4897, 4057, 979, 1562, 8960, 3896, 6283, 1962, 4545, 4572, 8255, 1157, 8340, 1789, 6854, 9714, 2699, 6613, 597, 6440, 5372, 6073, 6284, 4423, 6452, 8096, 3989, 6959, 1731, 8970, 115, 9646, 1199, 6993, 7675, 5393, 3402, 3817, 1704, 9886, 1754, 369, 640, 1024, 981, 9224, 4604, 3768, 8837, 3333, 2780, 9707, 9835, 1242, 2031, 3261, 3462, 4827, 3339, 1391, 9502, 3150, 8989, 8090, 8033, 7508, 6015, 4839, 6484, 5765, 1305, 7910, 6248, 8244]


150 Tasks : [4466, 6420, 7943, 5578, 3023, 898, 9718, 5228, 2838, 7150, 8052, 8381, 4783, 4850, 8243, 701, 1785, 4109, 6808, 9226, 1619, 7345, 6527, 6652, 4176, 7582, 2301, 8514, 2761, 7271, 3697, 3143, 4599, 3699, 7723, 8787, 2180, 3219, 395, 3682, 4125, 1768, 7769, 2863, 609, 9536, 3468, 7975, 8094, 8434, 6245, 1786, 628, 9169, 5483, 1669, 1591, 9885, 8599, 8638, 1174, 4326, 2617, 9015, 3911, 1605, 4384, 1701, 8848, 6594, 770, 3568, 3250, 2773, 5520, 531, 1973, 4437, 6266, 593, 927, 5392, 5679, 3508, 9531, 2447, 7851, 6858, 6989, 3701, 918, 5530, 5666, 3063, 1154, 3680, 9063, 522, 7766, 773, 5945, 320, 3816, 9133, 5726, 4784, 9838, 983, 641, 9585, 9680, 2495, 4396, 5308, 9860, 4245, 5939, 2763, 8780, 7182, 2965, 5560, 9933, 3692, 6807, 7984, 8869, 2688, 4990, 9303, 2396, 894, 7270, 2042, 1647, 5104, 5445, 4789, 1057, 5856, 128, 5504, 6229, 4332, 1603, 4857, 171, 8593, 5539, 8033]


200 Tasks : [1198, 7710, 3246, 3659, 3388, 9868, 1946, 3537, 151, 279, 8314, 7647, 3511, 3737, 4603, 1108, 7558, 4981, 9532, 3075, 7850, 7415, 891, 4882, 1333, 4210, 9008, 4906, 397, 8227, 921, 4276, 8307, 2809, 7553, 6055, 7359, 8018, 2710, 696, 9163, 562, 4027, 8083, 5686, 1331, 8812, 9134, 9516, 2275, 5279, 8741, 1718, 1266, 6249, 4390, 295, 7983, 5907, 1950, 1820, 4269, 870, 3290, 9198, 3841, 6717, 5211, 3044, 4833, 1100, 9403, 3833, 4404, 3551, 6257, 6613, 9167, 8498, 5638, 9582, 9188, 2121, 6928, 8629, 8486, 2763, 4849, 8119, 8155, 854, 2764, 5081, 5694, 9946, 9803, 6786, 5110, 8630, 9683, 2669, 264, 2984, 2340, 7607, 3265, 4573, 4156, 4070, 505, 5975, 4622, 6200, 3375, 1534, 2594, 6787, 7363, 9243, 1303, 3163, 2946, 6347, 4208, 7140, 6107, 8920, 6520, 1248, 8801, 6462, 1661, 8613, 6415, 8402, 1658, 6291, 8796, 9982, 7091, 4629, 5315, 8836, 4507, 5351, 7593, 1768, 4252, 4494, 2018, 5681, 2907, 5423, 4776, 9133, 4966, 9099, 7189, 8152, 3127, 5660, 8088, 8033, 1989, 6082, 8571, 507, 4844, 3884, 1252, 8847, 4886, 6872, 8806, 2700, 2941, 8726, 7621, 2346, 7799, 5476, 4058, 7137, 2622, 7519, 7851, 7033, 2216, 3492, 5560, 7084, 5517, 8569, 2748, 2033, 3281, 670, 1051, 809, 6659]


250 Tasks : [3644, 1012, 3308, 1825, 4479, 9027, 7907, 5146, 3347, 960, 5640, 9065, 2276, 4776, 567, 7270, 5649, 9796, 9765, 1120, 8935, 5512, 1675, 4372, 3923, 7879, 7062, 6955, 7162, 651, 3070, 6133, 132, 1517, 7564, 1422, 3086, 5948, 6287, 9541, 4943, 5891, 5458, 5447, 5230, 9220, 6171, 7218, 1678, 5008, 2892, 3492, 3041, 654, 3500, 4142, 1707, 915, 4584, 6827, 7752, 9244, 1676, 4643, 5781, 2945, 6541, 2221, 6675, 2561, 7057, 6695, 4498, 6585, 7444, 9037, 7523, 6484, 7602, 6364, 6537, 8311, 5474, 2267, 7506, 5107, 967, 6215, 3830, 3366, 730, 9684, 3820, 6905, 106, 7078, 8233, 2385, 6884, 403, 2250, 5777, 8996, 8198, 900, 210, 251, 1180, 2853, 2761, 7432, 4632, 1565, 4150, 9778, 4262, 3356, 8966, 587, 1327, 2887, 4324, 282, 8489, 9742, 6468, 7767, 4241, 6684, 6535, 4817, 908, 9657, 6409, 2337, 8685, 3984, 1109, 9266, 2569, 5567, 9504, 8438, 4100, 1651, 5404, 9494, 3589, 4849, 4447, 7531, 9262, 5826, 6762, 9675, 2540, 6344, 2450, 7325, 7822, 1984, 5582, 7987, 6853, 7779, 537, 3382, 9462, 7069, 2252, 2733, 1485, 6764, 2393, 125, 8913, 3564, 6543, 996, 848, 2243, 429, 7343, 5627, 9195, 7693, 458, 4077, 7308, 9989, 2914, 176, 4618, 3817, 1232, 9327, 1747, 5526, 7946, 6507, 7127, 9967, 6118, 8797, 5258, 7414, 1472, 7585, 3949, 1586, 2926, 5445, 4345, 9914, 1820, 2792, 8139, 4273, 6603, 7658, 2948, 6158, 8702, 9755, 1663, 6213, 8689, 2557, 7383, 1867, 8734, 3883, 9118, 4354, 2724, 1143, 8979, 2920, 1931, 7735, 4969, 7786, 771, 9092, 4030, 1086, 6918, 9564, 7559, 7621]


300 Tasks : [5553, 1824, 1150, 1027, 1248, 9153, 1845, 4587, 5367, 1918, 3463, 6474, 4573, 7384, 4944, 9312, 413, 5102, 3222, 9384, 4027, 7555, 414, 6062, 7630, 2148, 7635, 3506, 1246, 7696, 2011, 192, 8073, 7381, 8934, 4356, 145, 8103, 212, 4317, 5781, 6822, 1666, 1888, 2205, 9504, 818, 1576, 2125, 3409, 3058, 7132, 4427, 3038, 3956, 2781, 3784, 9868, 5285, 6341, 4642, 3380, 8068, 6219, 4432, 7079, 9113, 8067, 3351, 9296, 1975, 9616, 5010, 100, 3531, 301, 9641, 6297, 7484, 7107, 4951, 6338, 3650, 749, 583, 8519, 3753, 146, 2673, 6601, 4866, 2162, 9628, 9158, 5104, 8598, 8407, 8690, 4689, 1147, 6731, 9599, 7045, 6905, 9953, 979, 4806, 8807, 9555, 9773, 1982, 7302, 708, 8199, 4436, 1877, 7615, 7531, 5060, 5133, 7690, 4865, 1190, 5721, 1774, 1382, 4501, 1459, 7653, 3681, 7020, 4832, 5266, 3062, 3287, 3917, 8828, 4273, 6778, 155, 9492, 9363, 3854, 3910, 384, 2229, 2984, 5094, 9807, 9495, 8958, 334, 7127, 8711, 3754, 1250, 5084, 1901, 7562, 3474, 8167, 8548, 9229, 4159, 263, 3332, 1767, 914, 479, 5661, 9476, 5555, 2320, 5457, 546, 2250, 2530, 6634, 5364, 6105, 824, 8834, 8289, 184, 7071, 520, 5144, 2112, 2448, 8950, 4734, 3333, 4857, 6093, 9283, 2459, 308, 3665, 8895, 5956, 9532, 7786, 5667, 6376, 1523, 9907, 1669, 2598, 9920, 3243, 5289, 9742, 5943, 2161, 5421, 4271, 7046, 3066, 7957, 6386, 3319, 4268, 4397, 3771, 4757, 3008, 9830, 7157, 4958, 3625, 457, 5305, 3244, 2790, 1312, 5154, 6611, 2430, 2594, 9950, 4190, 9884, 7116, 2499, 5950, 5078, 6762, 5366, 5015, 8397, 3263, 7687, 6047, 7009, 1930, 1675, 6229, 2512, 5214, 1330, 7086, 9910, 5494, 7910, 3023, 7345, 8650, 2415, 4706, 7364, 1398, 8468, 4664, 8472, 8282, 9021, 5338, 6007, 3098, 5057, 5282, 3667, 1350, 7279, 1601, 3945, 507, 7788, 3026, 5930, 8003, 2595, 9309, 165, 4219, 8233, 8703, 616, 8094, 3339]

